32 - 26 7
6 - 9 4
40 - 45 11
7 - 4 25
18 - 24 42
19 - 7 10
26 - 38 18
14 - 45 31
19 - 7 28
31 - 33 38
10 - 11 42
3 - 8 30
22 - 9 39
18 - 4 44
9 - 28 5
6 - 7 23
45 - 46 44
35 - 26 29
47 - 23 15
13 - 10 3
12 - 8 33
32 - 4 22
28 - 30 11
5 - 7 26
2 - 4 7
19 - 18 32
21 - 46 43
27 - 28 36
2 - 26 29
7 - 1 22
3 - 1 13
13 - 16 30
40 - 1 28
19 - 23 12
2 - 1 0
13 - 25 13
16 - 14 11
28 - 1 16
16 - 31 46
13 - 11 34
19 - 20 4
19 - 16 33
31 - 40 25
4 - 40 0
11 - 23 35
38 - 25 50
34 - 16 34
44 - 14 43
25 - 27 1
22 - 2 18
16 - 32 46
41 - 37 33
31 - 43 33
9 - 3 20
30 - 28 20
14 - 4 26
44 - 20 0
1 - 26 44
1 - 2 1
19 - 11 5
6 - 15 13
26 - 1 24
41 - 43 45
13 - 4 6
31 - 29 49
16 - 22 15
5 - 3 13
42 - 43 13
41 - 43 2
10 - 2 7
36 - 33 43
15 - 3 46
7 - 6 28
1 - 31 0
19 - 28 18
18 - 40 25
36 - 29 17
34 - 9 6
47 - 16 49
31 - 46 44
40 - 19 42
1 - 3 18
27 - 25 36
4 - 28 8
30 - 48 35
41 - 28 41
30 - 4 4
37 - 16 12
45 - 13 14
15 - 13 10
25 - 5 11
19 - 45 13
18 - 3 38
5 - 7 9
45 - 42 20
4 - 16 30
3 - 7 5
16 - 38 4
27 - 4 32
28 - 43 46
16 - 41 18
6 - 4 34
1 - 13 32
17 - 31 14
19 - 37 20
7 - 25 5
26 - 10 36
3 - 18 22
1 - 27 49
31 - 4 10
13 - 25 35
1 - 25 7
15 - 19 12
15 - 16 39
9 - 7 45
1 - 6 23
36 - 39 49
39 - 1 18
19 - 16 24
30 - 28 3
43 - 44 10
3 - 10 25
28 - 16 22
6 - 4 16
15 - 37 40
12 - 40 43
4 - 28 40
16 - 40 23
16 - 23 11
2 - 25 41
28 - 26 7
38 - 37 0
12 - 9 11
37 - 29 19
28 - 10 28
4 - 12 47
1 - 6 0
19 - 37 41
21 - 13 47
2 - 37 24
41 - 42 1
5 - 4 39
16 - 39 0
43 - 3 15
34 - 16 22
10 - 11 17
14 - 1 0
45 - 21 34
26 - 39 36
20 - 11 42
20 - 2 9
17 - 14 42
32 - 31 2
9 - 33 1
15 - 19 21
40 - 39 37
7 - 44 14
5 - 26 10
10 - 7 42
21 - 19 50
32 - 35 33
17 - 7 11
19 - 13 25
16 - 42 44
19 - 20 44
35 - 7 22
10 - 12 35
1 - 15 10
43 - 8 33
6 - 3 12
4 - 10 13
19 - 5 36
2 - 13 37
13 - 1 38
28 - 19 0
31 - 8 33
32 - 20 37
16 - 5 2
9 - 24 43
13 - 34 4
43 - 26 49
19 - 4 0
3 - 42 1
5 - 2 6
6 - 1 49
38 - 37 21
3 - 39 46
10 - 34 37
28 - 13 13
12 - 7 10
39 - 1 28
7 - 31 35
39 - 1 4
6 - 3 42
1 - 21 21
21 - 19 23
13 - 26 43
26 - 28 42
6 - 25 10
18 - 1 42
27 - 13 42
24 - 20 36
7 - 31 1
34 - 43 35
31 - 34 23
14 - 1 13
34 - 11 18
9 - 37 43
4 - 3 14
6 - 4 30
4 - 14 22
7 - 19 29
31 - 45 25
39 - 4 24
15 - 19 12
3 - 28 43
49 - 12 17
17 - 45 39
25 - 1 38
7 - 31 8
37 - 44 22
6 - 25 40
27 - 39 1
35 - 44 40
1 - 27 24
15 - 30 3
22 - 16 34
14 - 4 28
19 - 10 48
36 - 31 48
13 - 25 8
4 - 35 17
4 - 31 20
40 - 18 4
25 - 4 7
16 - 29 38
33 - 25 47
33 - 25 37
1 - 18 8
7 - 25 0
6 - 12 29
8 - 5 44
20 - 15 15
15 - 7 11
5 - 40 26
27 - 45 44
31 - 10 11
13 - 22 14
18 - 43 35
33 - 3 42
45 - 37 39
8 - 23 10
21 - 10 15
10 - 42 11
4 - 10 15
4 - 28 43
28 - 10 23
18 - 6 30
26 - 5 19
45 - 3 36
28 - 25 47
28 - 41 44
31 - 25 8
10 - 4 49
15 - 37 31
40 - 28 20
5 - 26 47
22 - 40 27
2 - 5 10
5 - 1 23
16 - 13 40
31 - 28 17
9 - 4 12
18 - 15 31
18 - 14 2
32 - 44 3
1 - 2 29
20 - 13 41
25 - 30 28
4 - 13 16
17 - 15 23
22 - 19 22
4 - 40 44
18 - 13 17
30 - 33 7
47 - 2 8
2 - 14 6
20 - 8 45
13 - 8 46
13 - 14 18
21 - 22 37
15 - 38 9
13 - 11 12
22 - 16 19
5 - 11 41
40 - 16 19
25 - 9 7
33 - 45 27
5 - 17 47
2 - 31 16
3 - 30 15
35 - 47 41
28 - 8 27
25 - 16 45
11 - 7 13
28 - 1 27
27 - 25 42
7 - 30 36
27 - 25 12
9 - 28 33
34 - 36 34
19 - 37 32
6 - 14 4
7 - 37 23
4 - 10 40
19 - 14 37
21 - 25 34
15 - 16 41
31 - 19 42
7 - 9 40
14 - 4 31
13 - 1 31
7 - 18 0
43 - 40 0
11 - 8 15
49 - 11 1
13 - 3 44
15 - 20 34
9 - 28 1
25 - 48 5
1 - 5 38
7 - 5 0
4 - 1 40
1 - 7 32
20 - 7 18
32 - 10 36
1 - 7 36
46 - 28 19
20 - 39 9
33 - 12 40
6 - 12 39
1 - 8 9
44 - 38 34
2 - 1 10
29 - 31 29
40 - 1 7
25 - 4 46
31 - 33 17
27 - 38 5
7 - 6 42
21 - 33 34
34 - 2 43
27 - 4 32
28 - 4 10
21 - 3 48
4 - 13 9
5 - 16 31
10 - 12 12
43 - 26 35
21 - 7 23
40 - 39 33
14 - 13 36
17 - 16 12
29 - 5 3
16 - 42 43
17 - 5 43
10 - 27 21
26 - 1 31
5 - 15 34
13 - 36 49
36 - 25 24
42 - 37 10
21 - 22 37
15 - 22 7
18 - 43 36
41 - 27 27
34 - 4 37
4 - 2 43
1 - 25 29
23 - 24 3
2 - 8 6
2 - 28 2
3 - 15 0
5 - 16 16
28 - 44 9
40 - 42 8
13 - 1 19
10 - 5 33
37 - 1 1
8 - 28 22
19 - 7 15
26 - 4 40
3 - 7 40
8 - 2 19
29 - 8 49
16 - 21 18
4 - 28 13
20 - 23 23
34 - 35 3
28 - 42 45
16 - 44 1
25 - 27 30
4 - 26 9
36 - 35 31
5 - 13 6
1 - 6 28
14 - 13 12
44 - 11 11
2 - 26 19
10 - 2 6
44 - 45 43
17 - 12 23
25 - 37 36
44 - 21 15
21 - 17 42
8 - 34 21
13 - 1 20
7 - 19 45
13 - 10 26
13 - 4 49
39 - 31 20
2 - 28 37
16 - 45 15
20 - 13 28
4 - 31 14
43 - 12 39
10 - 17 45
46 - 48 31
12 - 7 2
21 - 12 9
28 - 13 43
2 - 17 41
40 - 3 25
10 - 31 19
7 - 30 15
14 - 38 14
23 - 46 15
36 - 10 8
13 - 3 26
10 - 4 34
9 - 7 43
3 - 4 10
16 - 15 34
19 - 7 40
18 - 2 28
34 - 11 22
4 - 7 29
46 - 8 24
9 - 45 25
27 - 30 9
38 - 32 17
25 - 22 5
32 - 26 22
22 - 7 35
20 - 25 43
10 - 22 33
32 - 44 33
37 - 27 9
49 - 16 35
30 - 15 46
23 - 1 25
7 - 6 12
4 - 12 37
10 - 36 25
7 - 19 35
1 - 20 34
13 - 16 6
9 - 10 43
48 - 16 49
31 - 26 2
14 - 11 15
16 - 23 5
18 - 4 6
27 - 28 35
5 - 4 18
45 - 33 47
32 - 25 15
33 - 21 22
34 - 40 12
10 - 13 33
19 - 4 50
31 - 28 0
12 - 4 18
4 - 31 24
31 - 33 38
13 - 44 13
40 - 6 20
47 - 7 42
27 - 3 41
10 - 20 40
16 - 38 47
34 - 10 9
1 - 4 39
42 - 48 6
1 - 10 48
40 - 28 20
19 - 12 37
37 - 4 29
11 - 16 22
1 - 3 19
26 - 3 40
8 - 7 46
28 - 33 48
26 - 27 5
27 - 30 9
10 - 7 2
2 - 27 42
33 - 39 14
15 - 30 26
7 - 48 26
19 - 18 41
20 - 46 32
14 - 25 46
2 - 5 29
10 - 7 7
4 - 15 44
34 - 18 5
4 - 18 33
16 - 17 5
22 - 25 14
33 - 25 35
46 - 37 43
41 - 14 32
28 - 3 14
28 - 16 49
22 - 9 20
13 - 15 38
35 - 8 13
18 - 37 19
3 - 16 49
19 - 9 4
26 - 28 47
10 - 24 2
16 - 11 45
7 - 26 10
37 - 41 42
4 - 6 33
25 - 11 17
31 - 28 46
16 - 1 1
8 - 32 18
13 - 38 29
13 - 20 46
1 - 31 15
1 - 16 46
29 - 23 15
43 - 19 5
39 - 15 13
39 - 27 15
3 - 7 11
38 - 44 48
2 - 4 7
40 - 34 18
1 - 2 25
39 - 37 42
30 - 3 50
24 - 16 18
17 - 4 0
15 - 1 17
22 - 21 16
9 - 3 2
28 - 1 22
26 - 41 6
42 - 43 31
37 - 44 45
47 - 7 26
1 - 3 29
13 - 4 33
19 - 9 26
39 - 25 36
1 - 19 36
31 - 25 18
37 - 10 25
8 - 31 31
26 - 38 24
29 - 22 14
13 - 16 6
39 - 27 9
46 - 45 40
16 - 17 11
36 - 46 25
35 - 29 41
38 - 39 41
38 - 22 20
8 - 9 26
3 - 1 6
11 - 5 43
22 - 40 17
15 - 3 15
46 - 10 28
46 - 23 43
17 - 29 43
4 - 16 1
25 - 16 46
28 - 16 47
5 - 6 35
23 - 40 36
37 - 31 34
34 - 35 30
7 - 8 46
4 - 1 18
17 - 18 32
28 - 39 35
4 - 10 16
13 - 7 32
4 - 24 40
46 - 25 38
25 - 13 43
18 - 16 37
18 - 16 34
38 - 40 2
18 - 1 48
10 - 44 29
19 - 37 29
25 - 27 14
3 - 27 11
4 - 1 37
1 - 26 34
40 - 28 1
11 - 13 33
6 - 19 39
19 - 23 27
19 - 40 17
18 - 30 12
37 - 44 17
5 - 14 46
33 - 9 0
35 - 41 0
27 - 28 34
9 - 15 22
11 - 20 12
19 - 21 41
31 - 28 28
13 - 12 19
13 - 18 48
41 - 35 44
26 - 4 42
4 - 10 16
13 - 14 45
13 - 1 48
18 - 15 5
40 - 22 32
17 - 13 26
15 - 48 36
4 - 1 15
12 - 9 38
49 - 28 38
3 - 7 45
9 - 2 15
46 - 22 16
13 - 7 29
3 - 24 7
30 - 46 28
25 - 11 21
44 - 31 28
6 - 24 34
28 - 10 25
14 - 13 33
31 - 11 0
45 - 47 11
16 - 44 16
21 - 36 24
33 - 4 44