59 - 86 28
77 - 76 16
3 - 31 31
62 - 18 45
80 - 54 35
66 - 17 1
4 - 26 22
25 - 21 12
47 - 10 18
81 - 80 16
13 - 68 22
26 - 27 11
16 - 13 48
37 - 12 25
96 - 97 36
6 - 2 36
86 - 85 45
55 - 90 37
35 - 26 50
4 - 10 14
39 - 38 6
54 - 14 8
62 - 22 37
93 - 78 40
7 - 8 6
1 - 8 0
99 - 93 46
51 - 63 16
71 - 88 47
66 - 54 50
64 - 15 15
20 - 19 6
87 - 91 19
4 - 40 13
82 - 32 11
7 - 58 18
58 - 5 0
58 - 71 40
18 - 80 7
90 - 78 25
26 - 16 39
86 - 99 36
3 - 57 10
11 - 76 21
10 - 46 2
42 - 29 35
27 - 75 33
57 - 85 30
91 - 35 35
81 - 73 30
53 - 58 26
32 - 35 21
4 - 11 30
58 - 9 50
78 - 40 37
39 - 29 16
27 - 91 29
75 - 26 38
4 - 71 3
9 - 83 4
54 - 60 10
1 - 25 16
38 - 28 31
59 - 19 7
41 - 89 25
1 - 16 25
53 - 3 38
27 - 39 28
50 - 17 12
70 - 1 36
98 - 71 45
50 - 13 39
60 - 22 47
50 - 53 0
93 - 91 23
30 - 77 39
17 - 16 15
53 - 52 37
69 - 62 20
74 - 25 46
27 - 5 1
38 - 42 40
53 - 62 1
77 - 90 18
36 - 17 30
4 - 29 28
92 - 94 22
27 - 33 7
19 - 7 10
1 - 29 16
79 - 75 23
31 - 89 14
90 - 64 29
9 - 21 44
58 - 55 49
75 - 26 50
26 - 81 40
53 - 35 1
44 - 15 18
23 - 64 27
86 - 77 50
78 - 9 24
91 - 98 40
98 - 9 25
29 - 32 2
19 - 21 15
26 - 31 50
95 - 56 30
46 - 38 43
26 - 39 44
93 - 90 21
44 - 1 50
19 - 22 47
53 - 15 13
59 - 90 46
4 - 51 24
16 - 9 8
58 - 29 8
97 - 82 0
3 - 9 48
82 - 7 13
7 - 26 34
9 - 21 5
92 - 16 44
7 - 31 45
81 - 33 37
73 - 50 8
1 - 64 43
14 - 17 41
14 - 15 41
58 - 10 5
73 - 61 21
14 - 16 17
34 - 15 38
13 - 96 17
22 - 35 13
62 - 88 32
32 - 7 33
93 - 23 26
32 - 39 45
39 - 41 41
19 - 45 36
10 - 84 10
16 - 4 34
10 - 3 5
56 - 17 7
11 - 22 1
53 - 74 4
53 - 1 18
10 - 12 5
13 - 41 18
22 - 23 26
51 - 7 14
62 - 76 31
75 - 29 25
4 - 5 42
67 - 62 11
31 - 4 13
50 - 53 44
63 - 62 6
28 - 30 13
26 - 75 45
70 - 51 44
5 - 29 20
7 - 81 9
15 - 24 37
59 - 56 28
6 - 59 17
1 - 50 14
85 - 80 16
36 - 33 5
83 - 89 26
26 - 1 13
7 - 77 16
71 - 22 2
68 - 58 50
6 - 32 32
34 - 3 2
34 - 35 49
41 - 31 13
53 - 54 50
71 - 14 23
35 - 29 18
26 - 1 4
56 - 4 44
52 - 70 24
22 - 74 39
78 - 90 18
7 - 59 32
74 - 18 39
5 - 16 3
69 - 71 6
62 - 37 40
1 - 7 32
7 - 34 23
68 - 89 43
4 - 13 8
75 - 53 48
31 - 29 17
62 - 13 26
81 - 93 20
93 - 70 29
46 - 96 19
4 - 57 23
28 - 53 38
82 - 33 37
90 - 38 16
5 - 76 20
26 - 56 9
10 - 22 33
1 - 2 49
69 - 14 0
40 - 28 27
53 - 51 38
67 - 54 22
7 - 16 20
50 - 19 29
1 - 2 31
46 - 81 48
14 - 44 5
12 - 58 15
26 - 34 44
85 - 31 43
23 - 14 10
26 - 1 34
78 - 32 3
32 - 56 0
63 - 78 18
2 - 32 32
9 - 3 48
17 - 14 15
78 - 75 43
53 - 15 17
90 - 41 2
14 - 17 34
81 - 7 26
44 - 42 4
31 - 6 9
13 - 15 8
57 - 56 34
1 - 2 40
36 - 35 24
75 - 81 44
40 - 53 14
11 - 59 6
84 - 32 11
29 - 7 6
50 - 56 0
52 - 1 26
82 - 77 25
95 - 87 27
71 - 62 36
87 - 81 5
55 - 54 5
38 - 15 49
13 - 55 39
1 - 64 37
92 - 43 17
50 - 32 1
58 - 3 47
65 - 50 28
8 - 27 17
7 - 58 14
46 - 38 47
50 - 26 43
39 - 27 17
37 - 38 36
52 - 70 1
31 - 81 13
35 - 56 40
62 - 9 31
17 - 7 50
19 - 15 44
29 - 4 42
38 - 16 31
53 - 54 34
59 - 56 10
2 - 4 46
37 - 79 13
7 - 61 18
19 - 62 49
21 - 19 4
72 - 74 35
3 - 15 42
7 - 51 5
65 - 61 26
19 - 69 3
32 - 3 39
13 - 68 42
83 - 8 20
53 - 78 48
93 - 42 49
28 - 53 1
14 - 7 9
14 - 69 9
94 - 63 43
2 - 1 11
87 - 24 33
29 - 28 41
15 - 13 21
56 - 52 16
4 - 29 15
86 - 80 37
83 - 46 24
15 - 19 21
57 - 50 41
47 - 44 39
34 - 44 30
70 - 15 45
97 - 29 21
12 - 13 11
55 - 6 47
58 - 22 41
59 - 61 46
40 - 38 38
36 - 99 39
70 - 64 22
42 - 76 48
8 - 41 28
21 - 7 8
90 - 89 25
3 - 40 41
92 - 63 50
45 - 20 35
49 - 27 27
46 - 41 27
32 - 50 4
65 - 62 41
2 - 27 50
52 - 29 41
2 - 58 23
28 - 18 30
75 - 77 44
59 - 34 43
62 - 93 11
68 - 38 18
43 - 41 25
23 - 17 10
81 - 84 45
2 - 1 14
28 - 80 20
10 - 84 43
50 - 60 34
58 - 10 30
68 - 6 48
17 - 40 41
22 - 88 41
17 - 20 15
20 - 66 33
35 - 22 45
5 - 4 1
84 - 76 18
2 - 1 33
9 - 10 5
7 - 1 50
40 - 62 7
13 - 7 35
53 - 52 29
14 - 62 2
50 - 37 14
13 - 12 46
34 - 35 31
12 - 18 7
17 - 16 46
4 - 53 35
63 - 56 27
7 - 19 1
9 - 22 34
2 - 14 34
34 - 95 10
82 - 68 17
3 - 9 37
40 - 15 49
10 - 74 33
43 - 65 44
36 - 29 1
59 - 77 17
3 - 35 37
58 - 13 9
65 - 50 20
1 - 62 16
7 - 8 37
19 - 9 5
33 - 35 2
18 - 50 8
44 - 38 24
39 - 30 27
83 - 10 49
1 - 19 21
17 - 29 42
69 - 45 31
4 - 53 47
20 - 22 9
87 - 1 20
32 - 29 24
9 - 19 40
37 - 93 2
59 - 54 35
5 - 11 10
8 - 7 7
65 - 16 20
13 - 7 42
40 - 1 5
50 - 30 29
35 - 11 50
24 - 43 41
85 - 87 39
11 - 12 4
15 - 21 21
75 - 81 22
81 - 12 16
28 - 78 31
50 - 1 14
10 - 22 44
78 - 13 24
9 - 6 3
56 - 10 13
26 - 56 10
90 - 84 44
24 - 18 12
10 - 59 8
11 - 2 33
9 - 77 47
52 - 50 4
44 - 29 25
41 - 29 3
10 - 18 19
50 - 56 50
34 - 41 25
62 - 78 19
79 - 53 1
7 - 6 28
16 - 93 46
84 - 77 34
34 - 35 42
18 - 40 41
1 - 52 4
56 - 32 39
14 - 2 39
7 - 29 13
71 - 62 3
81 - 55 18
7 - 18 2
53 - 59 33
21 - 46 43
78 - 26 19
59 - 54 8
94 - 4 13
53 - 56 0
21 - 70 12
83 - 37 13
4 - 89 15
62 - 86 13
5 - 1 2
86 - 95 35
47 - 59 29
4 - 8 23
50 - 14 11
56 - 82 4
28 - 31 29
94 - 97 42
65 - 69 0
30 - 79 15
65 - 13 32
69 - 65 29
53 - 9 29
29 - 34 38
41 - 17 24
14 - 41 33
6 - 15 21
62 - 96 2
10 - 13 25
22 - 1 38
30 - 62 41
35 - 84 15
15 - 62 28
4 - 9 30
67 - 4 11
16 - 22 9
30 - 5 30
62 - 88 32
75 - 26 16
42 - 98 5
18 - 16 29
10 - 53 49
53 - 26 28
93 - 38 27
32 - 33 11
42 - 4 23
4 - 6 29
1 - 39 14
64 - 18 27
55 - 59 29
33 - 20 32
10 - 71 48
1 - 50 44
89 - 39 34
22 - 23 49
57 - 13 45
29 - 52 37
18 - 1 17
26 - 50 19
29 - 4 49
10 - 2 33
32 - 13 23
75 - 38 9
2 - 17 3
22 - 16 29
26 - 44 34
14 - 13 5
56 - 20 23
40 - 32 11
62 - 52 6
14 - 2 0
60 - 26 19
33 - 69 38
91 - 17 39
8 - 9 46
35 - 60 48
4 - 18 35
38 - 3 12
10 - 11 33
19 - 28 31
76 - 20 9
64 - 51 12
29 - 10 8
32 - 31 35
71 - 62 50
89 - 80 7
3 - 21 0
50 - 9 31
82 - 33 5
41 - 38 8
56 - 79 19
82 - 84 49
51 - 39 37
9 - 8 22
13 - 48 46
68 - 62 42
53 - 75 13
7 - 10 31
8 - 51 19
32 - 1 26
96 - 70 33
52 - 77 44
10 - 26 12
41 - 55 42
1 - 14 12
14 - 94 13
48 - 8 11
10 - 4 50
10 - 17 34
35 - 55 12
20 - 19 50
70 - 38 34
65 - 16 36
6 - 7 20
18 - 89 36
52 - 50 15
4 - 50 15
62 - 50 24
62 - 61 13
32 - 26 31
4 - 5 39
27 - 46 21
92 - 43 35
90 - 29 39
14 - 25 11
50 - 23 13
44 - 19 19
89 - 50 13
38 - 41 38
34 - 58 2
4 - 1 44
50 - 81 19
76 - 63 25
13 - 42 14
62 - 87 39
50 - 75 9
11 - 33 0
4 - 56 31
68 - 13 45
48 - 35 15
11 - 38 42
98 - 62 22
15 - 16 25
82 - 97 35
51 - 59 48
24 - 46 0
14 - 17 19
75 - 16 50
3 - 9 5
70 - 9 24
35 - 32 5
22 - 13 41
53 - 65 12
81 - 52 4
38 - 50 6
67 - 87 45
23 - 17 23
51 - 2 40
16 - 41 43
52 - 50 43
80 - 78 36
4 - 75 28
45 - 42 35
57 - 75 35
87 - 89 13
16 - 29 7
53 - 67 33
19 - 22 8
16 - 15 31
84 - 35 24
66 - 16 38
93 - 65 43
6 - 4 14
38 - 41 33
3 - 28 11
64 - 65 6
82 - 10 1
2 - 8 1
98 - 99 46
13 - 89 32
59 - 56 33
5 - 7 12
10 - 47 41
10 - 12 3
32 - 44 9
56 - 8 44
44 - 31 9
1 - 5 25
29 - 22 43
64 - 3 11
41 - 35 6
6 - 50 41
43 - 41 20
56 - 6 18
2 - 8 12
9 - 70 1
10 - 25 17
3 - 29 24
16 - 39 0
22 - 72 26
50 - 65 7
29 - 51 48
35 - 45 7
50 - 75 37
71 - 10 26
95 - 29 18
34 - 27 17
26 - 29 31
56 - 84 36
1 - 2 31
5 - 96 13
63 - 60 1
32 - 38 16
78 - 3 13
15 - 19 12
50 - 63 4
85 - 60 40
4 - 6 8
51 - 90 26
19 - 42 42
68 - 56 47
36 - 72 44
82 - 9 12
19 - 69 28
7 - 2 15
51 - 59 19
20 - 16 9
46 - 47 15
52 - 4 38
23 - 13 17
1 - 13 13
16 - 49 24
76 - 53 31
80 - 53 33
78 - 13 10
1 - 2 18
70 - 50 8
22 - 40 45
79 - 17 2
33 - 12 32
32 - 44 44
17 - 44 22
40 - 9 17
2 - 5 50
1 - 3 25
16 - 30 29
13 - 16 22
59 - 10 15
46 - 24 27
85 - 71 1
7 - 19 13
54 - 8 3
33 - 41 37
3 - 13 29
93 - 62 2
12 - 46 35
15 - 13 40
14 - 13 12
47 - 26 2
56 - 7 43
53 - 56 49
44 - 29 43
81 - 5 6
51 - 53 34
56 - 12 4
53 - 1 20
12 - 4 12
61 - 7 3
12 - 7 41
32 - 28 44
52 - 24 19
33 - 36 7
95 - 38 36
11 - 51 48
39 - 14 31
82 - 76 1
19 - 7 23
69 - 60 35
13 - 39 5
71 - 3 41
21 - 98 12
43 - 16 17
9 - 52 35
19 - 10 23
1 - 6 1
69 - 71 15
75 - 77 17
93 - 33 38
59 - 44 30
2 - 41 31
5 - 17 26
59 - 3 23
71 - 68 14
6 - 1 4
16 - 7 6
3 - 29 24
87 - 35 3
86 - 81 3
35 - 54 13
41 - 78 4
77 - 75 31
81 - 7 48
7 - 11 26
78 - 92 3
28 - 3 43
41 - 96 28
27 - 29 30
9 - 34 12
15 - 52 5
18 - 74 4
4 - 32 13
21 - 25 27
70 - 64 29
47 - 40 34
57 - 12 7
64 - 87 25
83 - 8 11
43 - 29 4
6 - 73 22
75 - 81 30
54 - 98 42
3 - 38 11
47 - 4 46
41 - 93 18
31 - 5 15
22 - 41 44
29 - 14 2
33 - 82 20
50 - 75 27
13 - 14 5
50 - 47 44
68 - 19 19
65 - 41 3
85 - 84 15
41 - 78 26
34 - 32 15
63 - 62 42
23 - 54 18
51 - 4 49
57 - 1 50
16 - 41 16
72 - 9 49
59 - 12 27
32 - 56 46
46 - 43 31
62 - 50 15
96 - 65 9
38 - 39 3
17 - 36 11
22 - 68 38
1 - 26 2
16 - 7 14
34 - 15 36
89 - 6 44
41 - 40 14
78 - 1 18
84 - 1 5
32 - 26 5
16 - 13 14
28 - 4 47
77 - 26 30
75 - 26 17
50 - 48 35
19 - 24 15
89 - 15 31
29 - 41 49
53 - 6 12
67 - 21 34
51 - 29 49
90 - 78 23
9 - 16 9
1 - 28 7
90 - 28 5
73 - 22 7
58 - 52 15
52 - 61 14
1 - 4 45
50 - 31 6
63 - 75 16
68 - 90 39
30 - 41 5
82 - 83 44
77 - 78 21
66 - 52 8
69 - 2 15
17 - 2 16
82 - 79 20
32 - 77 5
45 - 53 25
47 - 96 0
1 - 87 34
31 - 19 8
2 - 5 34
61 - 73 49
7 - 4 4
15 - 9 0
51 - 88 25
73 - 61 8
43 - 6 32
98 - 38 35
84 - 13 24
62 - 50 30
3 - 31 39
5 - 38 43
42 - 20 40
53 - 22 37
21 - 26 41
15 - 31 25
7 - 9 9
81 - 31 48
2 - 1 18
4 - 39 47
2 - 34 50
1 - 13 48
16 - 29 15
29 - 86 22
18 - 13 18
68 - 58 3
52 - 75 10
4 - 6 34
5 - 25 18
60 - 79 41
3 - 26 1
54 - 79 30
36 - 7 34
21 - 16 21
35 - 40 13
16 - 47 12
44 - 93 5
16 - 44 41
26 - 32 27
72 - 10 29
3 - 2 44
14 - 19 14
31 - 49 14
61 - 73 30
50 - 79 13
78 - 31 2
83 - 59 12
26 - 29 11
80 - 31 17
76 - 79 24
71 - 59 35
47 - 26 23
2 - 4 40
14 - 87 30
30 - 28 36
10 - 8 37
62 - 66 41
54 - 27 37
12 - 19 41
7 - 29 8
50 - 88 41
7 - 18 25
30 - 51 18
68 - 14 21
59 - 53 8
23 - 45 30
19 - 7 31
83 - 58 13
6 - 9 23
65 - 64 9
2 - 5 17
2 - 8 23
38 - 28 12
84 - 10 40
1 - 32 20
35 - 56 41
75 - 56 3
44 - 33 29
54 - 51 25
12 - 53 36
13 - 93 24